# Theoretical Max Height	6.45311498641968
# Observed Max Height	2.097
# Column	Heights																				Expected Insert Length	Insert Probability	Delete Probability	Model Mask
#       	A	C	D	E	F	G	H	I	K	L	M	N	P	Q	R	S	T	V	W	Y
1	0.030	0.007	0.007	0.012	0.023	0.010	0.007	0.056	0.014	0.099	0.075	0.010	0.007	0.012	0.012	0.019	0.026	0.051	0.011	0.013	1.9	0.02	0.85	0
2	0.007	0.001	0.004	0.007	0.003	0.003	0.002	0.006	0.007	0.019	0.003	0.005	0.002	0.005	0.005	0.006	0.006	0.007	0.001	0.002	1.9	0.02	0.92	0
3	0.031	0.010	0.008	0.013	0.005	0.014	0.005	0.010	0.014	0.014	0.006	0.011	0.053	0.010	0.010	0.031	0.029	0.015	0.001	0.005	1.9	0.02	0.95	0
4	0.031	0.007	0.008	0.014	0.017	0.010	0.007	0.138	0.025	0.067	0.019	0.011	0.007	0.012	0.013	0.019	0.024	0.092	0.003	0.011	1.9	0.02	0.97	0
5	0.024	0.003	0.015	0.019	0.008	0.091	0.006	0.010	0.019	0.014	0.006	0.013	0.007	0.013	0.014	0.021	0.017	0.014	0.002	0.015	1.9	0.02	0.98	0
6	0.023	0.003	0.013	0.019	0.005	0.011	0.010	0.008	0.019	0.012	0.005	0.012	0.006	0.013	0.013	0.061	0.025	0.012	0.001	0.005	1.9	0.02	0.98	0
7	0.044	0.012	0.008	0.013	0.031	0.011	0.007	0.351	0.015	0.142	0.043	0.011	0.009	0.012	0.013	0.021	0.034	0.229	0.004	0.014	1.9	0.02	0.98	0
8	0.045	0.012	0.008	0.014	0.029	0.012	0.007	0.216	0.016	0.130	0.036	0.011	0.009	0.012	0.013	0.022	0.035	0.378	0.004	0.013	1.9	0.02	0.98	0
9	0.043	0.010	0.017	0.026	0.165	0.019	0.033	0.046	0.031	0.080	0.025	0.025	0.013	0.026	0.037	0.036	0.034	0.053	0.026	0.419	1.9	0.02	0.98	0
10	0.029	0.004	0.007	0.011	0.011	0.011	0.005	0.028	0.013	0.107	0.011	0.009	0.005	0.009	0.010	0.017	0.016	0.031	0.002	0.007	1.9	0.02	0.98	0
11	0.019	0.002	0.012	0.021	0.003	0.008	0.006	0.007	0.040	0.009	0.004	0.016	0.007	0.015	0.015	0.017	0.013	0.010	0.001	0.004	1.9	0.02	0.98	0
12	0.024	0.002	0.046	0.078	0.004	0.016	0.010	0.008	0.037	0.011	0.005	0.026	0.008	0.023	0.018	0.025	0.019	0.010	0.001	0.005	1.9	0.02	0.98	0
13	0.015	0.002	0.012	0.017	0.004	0.047	0.005	0.007	0.016	0.010	0.004	0.010	0.004	0.010	0.010	0.014	0.011	0.010	0.001	0.008	1.9	0.02	0.98	0
14	0.015	0.002	0.013	0.020	0.003	0.007	0.006	0.005	0.020	0.008	0.004	0.017	0.005	0.014	0.017	0.022	0.020	0.008	0.001	0.004	1.9	0.02	0.98	0
15	0.017	0.002	0.013	0.021	0.004	0.008	0.006	0.006	0.023	0.010	0.004	0.012	0.005	0.029	0.020	0.022	0.014	0.011	0.001	0.004	1.9	0.02	0.98	0
16	0.029	0.003	0.022	0.038	0.006	0.015	0.014	0.013	0.145	0.018	0.008	0.027	0.010	0.042	0.051	0.029	0.023	0.015	0.002	0.008	1.9	0.02	0.98	0
17	0.029	0.007	0.006	0.011	0.021	0.011	0.006	0.089	0.013	0.136	0.030	0.009	0.006	0.010	0.011	0.017	0.023	0.094	0.003	0.011	1.9	0.02	0.98	0
18	0.038	0.010	0.009	0.015	0.033	0.011	0.008	0.126	0.017	0.155	0.176	0.011	0.009	0.014	0.014	0.022	0.030	0.135	0.005	0.015	1.9	0.02	0.98	0
19	0.035	0.009	0.008	0.014	0.026	0.011	0.008	0.201	0.016	0.090	0.026	0.011	0.008	0.012	0.013	0.021	0.028	0.113	0.004	0.027	1.9	0.06	0.98	0
20	0.031	0.008	0.007	0.015	0.027	0.009	0.007	0.123	0.014	0.223	0.037	0.009	0.007	0.012	0.012	0.018	0.025	0.090	0.004	0.012	1.9	0.02	0.98	0
21	0.027	0.003	0.027	0.037	0.005	0.016	0.010	0.009	0.041	0.014	0.006	0.083	0.009	0.023	0.025	0.032	0.021	0.013	0.002	0.006	1.9	0.02	0.98	0
22	0.038	0.005	0.024	0.043	0.010	0.021	0.020	0.017	0.107	0.029	0.011	0.030	0.014	0.051	0.310	0.036	0.031	0.022	0.004	0.012	1.9	0.06	0.98	0
23	0.025	0.003	0.010	0.014	0.004	0.050	0.004	0.008	0.013	0.010	0.004	0.009	0.005	0.009	0.009	0.017	0.013	0.011	0.001	0.008	1.9	0.02	0.97	0
24	0.014	0.002	0.004	0.007	0.003	0.005	0.003	0.006	0.007	0.008	0.004	0.005	0.016	0.005	0.005	0.011	0.008	0.013	0.001	0.003	1.9	0.02	0.98	0
25	0.029	0.007	0.007	0.012	0.021	0.009	0.006	0.117	0.013	0.097	0.023	0.009	0.006	0.012	0.011	0.018	0.031	0.082	0.003	0.011	1.9	0.02	0.98	0
26	0.033	0.010	0.006	0.011	0.022	0.009	0.006	0.097	0.012	0.097	0.022	0.009	0.007	0.010	0.011	0.018	0.025	0.118	0.004	0.015	2.4	0.10	0.98	0
27	0.017	0.004	0.016	0.036	0.003	0.008	0.006	0.006	0.022	0.009	0.004	0.016	0.005	0.015	0.013	0.017	0.014	0.009	0.001	0.004	1.9	0.02	0.98	0
28	0.013	0.001	0.008	0.017	0.003	0.005	0.004	0.007	0.015	0.008	0.004	0.009	0.004	0.016	0.009	0.013	0.010	0.008	0.001	0.003	1.9	0.02	0.98	0
29	0.021	0.002	0.034	0.047	0.003	0.012	0.010	0.006	0.030	0.010	0.004	0.028	0.007	0.021	0.020	0.024	0.016	0.009	0.001	0.005	1.9	0.02	0.98	0
30	0.017	0.001	0.018	0.023	0.003	0.025	0.006	0.005	0.024	0.008	0.003	0.017	0.005	0.016	0.013	0.016	0.012	0.007	0.001	0.003	1.9	0.02	0.98	0
31	0.016	0.001	0.012	0.029	0.003	0.011	0.006	0.006	0.024	0.008	0.004	0.012	0.005	0.019	0.014	0.016	0.013	0.008	0.001	0.004	1.9	0.02	0.98	0
32	0.015	0.001	0.014	0.023	0.003	0.009	0.006	0.005	0.026	0.008	0.004	0.013	0.005	0.016	0.014	0.017	0.014	0.010	0.001	0.004	1.9	0.02	0.98	0
33	0.007	0.001	0.003	0.006	0.003	0.003	0.002	0.006	0.006	0.007	0.003	0.004	0.002	0.004	0.004	0.005	0.005	0.011	0.001	0.003	1.9	0.02	0.98	0
34	0.028	0.007	0.005	0.010	0.023	0.009	0.007	0.047	0.013	0.067	0.053	0.009	0.006	0.010	0.010	0.018	0.022	0.043	0.004	0.023	1.9	0.01	0.99	0
35	0.039	0.010	0.011	0.017	0.384	0.015	0.024	0.083	0.019	0.110	0.032	0.017	0.011	0.018	0.018	0.028	0.031	0.068	0.020	0.139	1.9	0.02	0.98	0
36	0.045	0.003	0.419	0.142	0.007	0.042	0.020	0.011	0.050	0.018	0.007	0.063	0.019	0.046	0.026	0.051	0.033	0.016	0.002	0.010	1.9	0.01	0.98	0
37	0.074	0.010	0.020	0.029	0.080	0.021	0.023	0.044	0.032	0.066	0.022	0.024	0.013	0.024	0.026	0.039	0.035	0.052	0.015	0.371	1.9	0.01	0.99	0
38	0.017	0.002	0.009	0.018	0.004	0.007	0.005	0.007	0.015	0.012	0.005	0.009	0.004	0.011	0.010	0.042	0.016	0.010	0.001	0.004	1.9	0.01	0.99	0
39	0.107	0.007	0.015	0.020	0.006	0.140	0.007	0.012	0.019	0.019	0.007	0.017	0.011	0.014	0.014	0.042	0.030	0.020	0.002	0.006	1.9	0.01	0.99	0
40	0.161	0.271	0.017	0.024	0.016	0.071	0.011	0.031	0.026	0.039	0.016	0.027	0.022	0.020	0.021	0.107	0.065	0.049	0.004	0.012	1.9	0.01	0.99	0
41	0.012	0.002	0.004	0.007	0.008	0.004	0.003	0.016	0.011	0.017	0.006	0.005	0.003	0.005	0.006	0.008	0.010	0.021	0.001	0.004	1.9	0.01	0.99	0
42	0.040	0.012	0.017	0.023	0.327	0.020	0.074	0.048	0.027	0.096	0.028	0.030	0.015	0.028	0.026	0.039	0.033	0.054	0.048	0.904	1.9	0.01	0.99	0
43	0.081	0.015	0.042	0.047	0.018	0.056	0.017	0.026	0.043	0.039	0.013	0.036	1.407	0.029	0.035	0.067	0.050	0.039	0.006	0.016	1.9	0.01	0.99	0
44	0.009	0.001	0.005	0.011	0.003	0.004	0.003	0.006	0.009	0.007	0.004	0.006	0.002	0.009	0.006	0.009	0.011	0.009	0.001	0.002	1.9	0.01	0.99	0
45	0.081	0.014	0.039	0.041	0.013	1.291	0.014	0.018	0.033	0.027	0.010	0.033	0.026	0.024	0.027	0.068	0.049	0.031	0.005	0.012	1.9	0.01	0.99	0
46	0.034	0.009	0.007	0.012	0.040	0.009	0.007	0.112	0.013	0.393	0.051	0.009	0.008	0.012	0.012	0.018	0.026	0.149	0.005	0.014	1.9	0.01	0.99	0
47	0.011	0.001	0.013	0.014	0.003	0.005	0.004	0.007	0.012	0.008	0.003	0.014	0.003	0.009	0.008	0.011	0.009	0.021	0.001	0.003	1.9	0.01	0.99	0
48	0.017	0.001	0.012	0.025	0.003	0.007	0.006	0.005	0.020	0.009	0.005	0.012	0.020	0.022	0.012	0.015	0.012	0.008	0.001	0.004	1.9	0.01	0.99	0
49	0.033	0.002	0.137	0.120	0.005	0.022	0.014	0.008	0.047	0.013	0.006	0.053	0.012	0.037	0.022	0.036	0.024	0.012	0.002	0.007	1.9	0.01	0.99	0
50	0.027	0.002	0.026	0.051	0.005	0.014	0.012	0.008	0.046	0.014	0.006	0.033	0.009	0.080	0.034	0.029	0.021	0.012	0.002	0.006	1.9	0.01	0.99	0
51	0.046	0.012	0.008	0.013	0.027	0.012	0.007	0.248	0.015	0.125	0.032	0.011	0.009	0.011	0.012	0.022	0.048	0.378	0.004	0.013	1.9	0.01	0.99	0
52	0.030	0.008	0.007	0.012	0.109	0.011	0.014	0.055	0.014	0.168	0.026	0.012	0.008	0.013	0.013	0.021	0.024	0.050	0.011	0.122	1.9	0.01	0.99	0
53	0.049	0.013	0.027	0.033	0.193	0.031	0.046	0.050	0.039	0.095	0.027	0.033	0.019	0.031	0.035	0.044	0.037	0.056	0.037	1.205	1.9	0.01	0.99	0
54	0.049	0.021	0.013	0.018	0.591	0.021	0.022	0.073	0.021	0.126	0.034	0.019	0.013	0.019	0.019	0.036	0.036	0.077	0.018	0.091	1.9	0.01	0.99	0
55	0.056	0.007	0.068	0.075	0.013	0.036	0.018	0.017	0.055	0.025	0.010	0.432	0.019	0.042	0.038	0.054	0.039	0.025	0.004	0.015	1.9	0.01	0.99	0
56	0.024	0.002	0.024	0.055	0.004	0.011	0.014	0.007	0.036	0.011	0.005	0.019	0.007	0.041	0.023	0.025	0.019	0.010	0.001	0.005	1.9	0.01	0.99	0
57	0.039	0.003	0.109	0.282	0.006	0.029	0.017	0.010	0.045	0.016	0.007	0.048	0.015	0.038	0.025	0.045	0.028	0.015	0.002	0.008	1.9	0.01	0.99	0
58	0.036	0.003	0.114	0.071	0.007	0.024	0.015	0.010	0.042	0.016	0.007	0.165	0.013	0.034	0.025	0.039	0.027	0.015	0.002	0.012	1.9	0.01	0.99	0
59	0.048	0.013	0.008	0.013	0.033	0.013	0.007	0.517	0.015	0.152	0.039	0.011	0.009	0.012	0.013	0.023	0.036	0.243	0.004	0.014	1.9	0.01	0.99	0
60	0.056	0.004	0.431	0.114	0.007	0.037	0.020	0.012	0.049	0.019	0.008	0.061	0.019	0.044	0.027	0.052	0.034	0.019	0.002	0.010	1.9	0.01	0.99	0
61	0.023	0.002	0.023	0.051	0.004	0.012	0.009	0.007	0.063	0.011	0.005	0.025	0.008	0.024	0.024	0.028	0.019	0.010	0.001	0.005	1.9	0.01	0.99	0
62	0.051	0.013	0.009	0.015	0.028	0.014	0.007	0.204	0.017	0.121	0.033	0.012	0.010	0.012	0.014	0.026	0.040	0.514	0.004	0.014	1.9	0.01	0.99	0
63	0.038	0.011	0.006	0.011	0.030	0.009	0.006	0.228	0.012	0.231	0.037	0.009	0.007	0.010	0.010	0.018	0.030	0.270	0.004	0.013	1.9	0.01	0.99	0
64	0.043	0.011	0.015	0.023	0.460	0.018	0.035	0.047	0.026	0.077	0.025	0.023	0.013	0.023	0.023	0.049	0.036	0.055	0.024	0.154	1.9	0.01	0.99	0
65	0.024	0.002	0.023	0.071	0.004	0.012	0.010	0.007	0.039	0.011	0.006	0.035	0.008	0.023	0.020	0.024	0.019	0.010	0.001	0.005	1.9	0.01	0.99	0
66	0.081	0.014	0.039	0.041	0.013	1.291	0.014	0.018	0.033	0.027	0.010	0.033	0.026	0.024	0.027	0.068	0.049	0.031	0.005	0.012	1.9	0.01	0.99	0
67	0.036	0.011	0.013	0.017	0.525	0.018	0.051	0.052	0.021	0.113	0.029	0.025	0.013	0.023	0.021	0.033	0.029	0.055	0.045	0.659	1.9	0.01	0.99	0
68	0.010	0.001	0.006	0.011	0.003	0.004	0.005	0.009	0.015	0.007	0.003	0.007	0.003	0.009	0.008	0.014	0.009	0.007	0.001	0.003	1.9	0.01	0.99	0
69	0.048	0.004	0.464	0.114	0.008	0.039	0.020	0.012	0.050	0.019	0.008	0.084	0.020	0.045	0.027	0.053	0.035	0.018	0.002	0.011	1.9	0.01	0.99	0
70	0.026	0.002	0.036	0.085	0.004	0.013	0.010	0.007	0.032	0.013	0.005	0.025	0.008	0.036	0.020	0.030	0.019	0.011	0.001	0.006	1.9	0.01	0.99	0
71	0.042	0.003	0.203	0.170	0.005	0.027	0.016	0.009	0.046	0.015	0.006	0.047	0.015	0.037	0.024	0.041	0.027	0.014	0.002	0.008	1.9	0.01	0.99	0
72	0.040	0.004	0.085	0.357	0.007	0.030	0.017	0.012	0.050	0.019	0.008	0.048	0.016	0.041	0.030	0.044	0.030	0.017	0.002	0.009	1.9	0.01	0.99	0
73	0.019	0.002	0.014	0.032	0.003	0.008	0.007	0.006	0.024	0.009	0.005	0.021	0.005	0.017	0.015	0.018	0.017	0.009	0.001	0.004	1.9	0.02	0.98	0
74	0.039	0.005	0.026	0.047	0.010	0.022	0.024	0.016	0.114	0.027	0.011	0.039	0.014	0.048	0.350	0.038	0.032	0.022	0.004	0.013	1.9	0.01	0.98	0
75	0.039	0.010	0.010	0.017	0.343	0.014	0.021	0.060	0.019	0.109	0.039	0.016	0.010	0.018	0.017	0.028	0.031	0.077	0.016	0.108	1.9	0.01	0.99	0
76	0.020	0.002	0.012	0.023	0.004	0.008	0.007	0.008	0.022	0.012	0.005	0.012	0.005	0.038	0.015	0.019	0.014	0.014	0.001	0.005	1.9	0.01	0.99	0
77	0.022	0.002	0.021	0.064	0.004	0.011	0.009	0.007	0.038	0.011	0.005	0.018	0.007	0.024	0.020	0.024	0.020	0.011	0.001	0.005	1.9	0.01	0.99	0
78	0.034	0.010	0.006	0.010	0.036	0.009	0.006	0.240	0.012	0.346	0.045	0.008	0.007	0.011	0.011	0.017	0.027	0.147	0.004	0.013	1.9	0.01	0.99	0
79	0.041	0.011	0.012	0.018	0.239	0.016	0.031	0.076	0.021	0.110	0.030	0.020	0.012	0.020	0.020	0.032	0.032	0.068	0.025	0.414	1.9	0.01	0.99	0
80	0.021	0.002	0.019	0.035	0.003	0.010	0.009	0.006	0.044	0.011	0.004	0.018	0.006	0.024	0.017	0.022	0.017	0.009	0.001	0.005	1.9	0.01	0.99	0
81	0.022	0.002	0.024	0.049	0.003	0.010	0.009	0.006	0.038	0.010	0.005	0.022	0.007	0.024	0.019	0.025	0.018	0.009	0.001	0.005	1.9	0.01	0.99	0
82	0.038	0.008	0.011	0.020	0.030	0.014	0.012	0.041	0.027	0.063	0.043	0.015	0.009	0.018	0.020	0.030	0.030	0.048	0.105	0.025	1.9	0.02	0.97	0
83	0.009	0.002	0.004	0.007	0.004	0.003	0.003	0.008	0.016	0.014	0.007	0.005	0.002	0.005	0.005	0.007	0.007	0.011	0.001	0.003	1.9	0.02	0.98	0
84	0.020	0.002	0.018	0.034	0.003	0.012	0.007	0.006	0.031	0.009	0.004	0.017	0.006	0.029	0.015	0.021	0.016	0.008	0.001	0.004	1.9	0.01	0.99	0
85	0.021	0.002	0.021	0.045	0.003	0.011	0.008	0.006	0.031	0.010	0.004	0.026	0.006	0.020	0.016	0.021	0.027	0.009	0.001	0.005	1.9	0.01	0.99	0
86	0.016	0.002	0.013	0.025	0.003	0.008	0.006	0.006	0.030	0.015	0.004	0.027	0.006	0.015	0.014	0.016	0.013	0.008	0.001	0.004	1.9	0.01	0.99	0
87	0.022	0.001	0.016	0.021	0.002	0.012	0.005	0.004	0.022	0.007	0.003	0.012	0.006	0.013	0.011	0.016	0.012	0.006	0.001	0.003	1.9	0.01	0.99	0
88	0.018	0.002	0.016	0.030	0.003	0.010	0.006	0.006	0.024	0.008	0.004	0.024	0.006	0.016	0.013	0.023	0.015	0.008	0.001	0.004	1.9	0.02	0.92	0
89	0.018	0.002	0.020	0.026	0.003	0.008	0.007	0.005	0.027	0.009	0.004	0.019	0.006	0.017	0.017	0.020	0.027	0.008	0.001	0.004	1.9	0.02	0.96	0
90	0.031	0.008	0.006	0.010	0.041	0.010	0.007	0.144	0.012	0.099	0.027	0.009	0.007	0.010	0.011	0.019	0.025	0.075	0.005	0.027	1.9	0.01	0.98	0
91	0.019	0.002	0.014	0.026	0.004	0.009	0.007	0.007	0.050	0.011	0.005	0.015	0.009	0.021	0.017	0.019	0.017	0.011	0.001	0.004	1.9	0.01	0.98	0
92	0.033	0.003	0.021	0.043	0.006	0.016	0.021	0.014	0.184	0.020	0.009	0.027	0.011	0.046	0.114	0.032	0.027	0.016	0.003	0.009	1.9	0.01	0.99	0
93	0.049	0.006	0.020	0.025	0.013	0.194	0.008	0.015	0.025	0.020	0.008	0.019	0.011	0.017	0.017	0.038	0.029	0.023	0.002	0.008	1.9	0.01	0.99	0
94	0.008	0.001	0.005	0.010	0.002	0.003	0.003	0.010	0.011	0.007	0.003	0.006	0.002	0.006	0.006	0.007	0.010	0.007	0.001	0.002	1.9	0.01	0.99	0
95	0.031	0.007	0.007	0.012	0.014	0.011	0.006	0.077	0.014	0.042	0.015	0.010	0.009	0.011	0.011	0.019	0.040	0.112	0.003	0.010	2.4	0.03	0.99	0
96	0.018	0.001	0.024	0.025	0.003	0.008	0.007	0.005	0.027	0.010	0.004	0.015	0.006	0.020	0.014	0.020	0.016	0.008	0.001	0.004	1.9	0.02	0.98	0
97	0.015	0.001	0.011	0.022	0.003	0.010	0.006	0.005	0.029	0.009	0.004	0.013	0.006	0.018	0.013	0.016	0.012	0.009	0.001	0.004	1.9	0.02	0.91	0
98	0.012	0.001	0.009	0.015	0.003	0.005	0.004	0.005	0.017	0.007	0.003	0.010	0.015	0.011	0.009	0.012	0.010	0.007	0.001	0.003	1.9	0.02	0.93	0
99	0.006	0.001	0.005	0.006	0.002	0.002	0.002	0.003	0.007	0.009	0.002	0.004	0.002	0.004	0.004	0.005	0.004	0.004	0.000	0.002	1.9	0.02	0.92	0
100	0.017	0.001	0.023	0.026	0.004	0.009	0.006	0.005	0.026	0.008	0.004	0.015	0.006	0.017	0.014	0.022	0.013	0.008	0.001	0.004	1.9	0.02	0.94	0
101	0.006	0.001	0.002	0.004	0.005	0.003	0.002	0.005	0.005	0.006	0.003	0.004	0.001	0.004	0.003	0.005	0.005	0.006	0.001	0.003	1.9	0.02	0.88	0
102	0.008	0.001	0.006	0.009	0.002	0.005	0.003	0.004	0.008	0.006	0.003	0.006	0.002	0.006	0.005	0.011	0.006	0.005	0.001	0.002	1.9	0.02	0.89	0
103	0.008	0.001	0.007	0.011	0.002	0.004	0.003	0.004	0.009	0.008	0.002	0.006	0.002	0.007	0.006	0.012	0.007	0.005	0.001	0.002	0	0.00	0.92	0
