# Theoretical Max Height	6.45311498641968
# Observed Max Height	3.089
# Column	Heights																				Expected Insert Length	Insert Probability	Delete Probability	Model Mask
#       	A	C	D	E	F	G	H	I	K	L	M	N	P	Q	R	S	T	V	W	Y
1	0.019	0.002	0.007	0.014	0.005	0.008	0.004	0.009	0.012	0.012	0.021	0.007	0.004	0.013	0.008	0.011	0.013	0.015	0.001	0.004	1.9	0.01	0.77	0
2	0.024	0.002	0.019	0.044	0.004	0.010	0.009	0.008	0.038	0.011	0.026	0.035	0.007	0.032	0.019	0.023	0.020	0.010	0.001	0.005	1.3	0.14	0.92	0
3	0.011	0.001	0.009	0.018	0.002	0.006	0.004	0.008	0.014	0.006	0.005	0.014	0.003	0.010	0.008	0.011	0.011	0.009	0.001	0.009	1.9	0.01	0.92	0
4	0.022	0.002	0.039	0.045	0.003	0.009	0.008	0.005	0.030	0.012	0.004	0.021	0.007	0.023	0.018	0.026	0.023	0.008	0.001	0.004	1.9	0.01	0.96	0
5	0.014	0.001	0.009	0.019	0.003	0.005	0.004	0.007	0.023	0.012	0.005	0.011	0.006	0.020	0.009	0.014	0.010	0.008	0.003	0.003	1.9	0.01	0.98	0
6	0.012	0.001	0.010	0.020	0.002	0.006	0.005	0.006	0.019	0.017	0.005	0.018	0.004	0.012	0.012	0.016	0.010	0.007	0.001	0.003	1.9	0.01	0.99	0
7	0.019	0.002	0.016	0.039	0.003	0.008	0.006	0.009	0.034	0.010	0.008	0.014	0.005	0.020	0.014	0.020	0.020	0.008	0.001	0.006	1.9	0.01	0.99	0
8	0.031	0.008	0.007	0.009	0.027	0.010	0.007	0.103	0.011	0.150	0.039	0.009	0.007	0.010	0.010	0.025	0.024	0.058	0.004	0.013	1.9	0.01	0.99	0
9	0.038	0.010	0.008	0.012	0.298	0.014	0.022	0.073	0.015	0.191	0.028	0.015	0.010	0.015	0.015	0.027	0.030	0.058	0.163	0.151	1.9	0.01	0.99	0
10	0.022	0.002	0.016	0.033	0.003	0.008	0.007	0.005	0.033	0.008	0.004	0.015	0.006	0.022	0.022	0.018	0.021	0.010	0.001	0.009	1.9	0.01	0.99	0
11	0.019	0.001	0.012	0.029	0.003	0.009	0.006	0.005	0.025	0.010	0.004	0.014	0.005	0.022	0.016	0.025	0.018	0.009	0.001	0.004	1.9	0.01	0.98	0
12	0.030	0.004	0.004	0.007	0.009	0.008	0.004	0.026	0.007	0.030	0.009	0.005	0.004	0.006	0.006	0.016	0.016	0.033	0.002	0.015	1.9	0.01	0.99	0
13	0.035	0.023	0.005	0.010	0.072	0.010	0.007	0.110	0.011	0.385	0.038	0.009	0.008	0.011	0.011	0.019	0.028	0.098	0.005	0.015	1.9	0.01	0.99	0
14	0.018	0.001	0.014	0.026	0.003	0.007	0.011	0.007	0.026	0.010	0.004	0.014	0.007	0.018	0.014	0.029	0.027	0.007	0.001	0.004	1.9	0.01	0.99	0
15	0.025	0.002	0.018	0.041	0.003	0.011	0.008	0.005	0.028	0.009	0.004	0.027	0.007	0.021	0.023	0.028	0.018	0.008	0.001	0.004	1.9	0.01	0.99	0
16	0.009	0.003	0.012	0.011	0.002	0.004	0.005	0.004	0.010	0.012	0.003	0.009	0.002	0.008	0.008	0.011	0.007	0.006	0.002	0.002	1.9	0.01	0.99	0
17	0.015	0.001	0.016	0.024	0.004	0.009	0.005	0.004	0.022	0.007	0.003	0.014	0.010	0.014	0.011	0.020	0.018	0.006	0.001	0.008	1.9	0.01	0.99	0
18	0.008	0.001	0.004	0.005	0.004	0.002	0.002	0.009	0.005	0.012	0.003	0.003	0.002	0.005	0.005	0.006	0.006	0.008	0.001	0.002	1.9	0.01	0.99	0
19	0.004	0.001	0.004	0.005	0.002	0.003	0.001	0.004	0.004	0.005	0.001	0.003	0.001	0.003	0.003	0.005	0.004	0.003	0.000	0.001	1.9	0.01	0.99	0
20	0.018	0.001	0.021	0.035	0.008	0.009	0.006	0.005	0.025	0.007	0.003	0.015	0.007	0.015	0.013	0.022	0.017	0.007	0.001	0.003	1.9	0.01	0.96	0
21	0.013	0.001	0.011	0.017	0.010	0.006	0.004	0.003	0.017	0.008	0.002	0.008	0.007	0.010	0.008	0.010	0.009	0.005	0.001	0.002	1.9	0.01	0.97	0
22	0.016	0.001	0.015	0.036	0.003	0.006	0.005	0.006	0.018	0.013	0.003	0.010	0.007	0.013	0.011	0.013	0.013	0.010	0.001	0.003	1.9	0.01	0.97	0
23	0.010	0.001	0.005	0.009	0.003	0.004	0.004	0.012	0.011	0.009	0.004	0.008	0.003	0.011	0.009	0.009	0.011	0.021	0.001	0.003	1.9	0.01	0.95	0
24	0.015	0.002	0.016	0.019	0.003	0.007	0.005	0.007	0.020	0.009	0.004	0.012	0.004	0.013	0.011	0.015	0.031	0.012	0.001	0.004	1.7	0.12	0.73	0
25	0.031	0.002	0.084	0.064	0.004	0.018	0.010	0.007	0.032	0.011	0.005	0.022	0.012	0.027	0.019	0.037	0.019	0.012	0.001	0.005	1.9	0.01	0.92	0
26	0.006	0.001	0.007	0.008	0.006	0.003	0.002	0.005	0.006	0.008	0.002	0.004	0.002	0.006	0.004	0.006	0.007	0.007	0.000	0.002	1.9	0.01	0.96	0
27	0.034	0.010	0.005	0.009	0.035	0.009	0.006	0.190	0.011	0.526	0.043	0.008	0.007	0.010	0.010	0.020	0.027	0.166	0.005	0.013	1.9	0.01	0.98	0
28	0.006	0.001	0.006	0.010	0.002	0.003	0.004	0.008	0.008	0.010	0.002	0.007	0.002	0.005	0.005	0.006	0.006	0.005	0.000	0.002	1.9	0.01	0.99	0
29	0.023	0.002	0.016	0.029	0.007	0.008	0.007	0.006	0.030	0.015	0.004	0.015	0.006	0.042	0.015	0.024	0.020	0.009	0.001	0.004	1.9	0.01	0.99	0
30	0.032	0.008	0.005	0.008	0.081	0.009	0.007	0.123	0.010	0.168	0.046	0.008	0.007	0.009	0.010	0.018	0.034	0.109	0.004	0.013	1.9	0.01	0.99	0
31	0.124	0.021	0.010	0.016	0.009	0.167	0.007	0.017	0.017	0.035	0.009	0.014	0.010	0.013	0.013	0.040	0.029	0.024	0.002	0.007	1.9	0.01	0.99	0
32	0.009	0.001	0.004	0.008	0.004	0.003	0.003	0.006	0.009	0.011	0.006	0.008	0.002	0.007	0.005	0.006	0.008	0.009	0.001	0.003	1.9	0.01	0.99	0
33	0.010	0.001	0.005	0.005	0.007	0.003	0.002	0.009	0.006	0.011	0.003	0.004	0.002	0.007	0.004	0.011	0.011	0.010	0.001	0.005	1.9	0.01	0.99	0
34	0.031	0.009	0.005	0.008	0.064	0.008	0.006	0.223	0.009	0.445	0.045	0.007	0.007	0.009	0.009	0.015	0.025	0.169	0.005	0.013	1.9	0.01	0.99	0
35	0.017	0.002	0.006	0.010	0.004	0.035	0.003	0.012	0.013	0.009	0.004	0.007	0.003	0.008	0.007	0.017	0.010	0.011	0.001	0.003	1.9	0.01	0.99	0
36	0.012	0.001	0.010	0.015	0.002	0.016	0.006	0.005	0.015	0.006	0.004	0.015	0.003	0.010	0.009	0.016	0.013	0.006	0.001	0.006	1.9	0.01	0.99	0
37	0.026	0.002	0.026	0.036	0.004	0.012	0.034	0.007	0.039	0.012	0.006	0.028	0.008	0.056	0.048	0.027	0.026	0.011	0.001	0.006	1.9	0.01	0.99	0
38	0.011	0.001	0.006	0.012	0.004	0.006	0.004	0.005	0.011	0.011	0.005	0.007	0.024	0.009	0.008	0.013	0.009	0.008	0.001	0.003	1.9	0.01	0.99	0
39	0.024	0.002	0.042	0.041	0.003	0.011	0.008	0.008	0.030	0.010	0.005	0.017	0.010	0.040	0.017	0.026	0.018	0.011	0.001	0.005	1.9	0.01	0.99	0
40	0.046	0.007	0.005	0.009	0.016	0.008	0.006	0.084	0.011	0.099	0.017	0.008	0.006	0.017	0.009	0.017	0.021	0.085	0.003	0.011	1.9	0.01	0.99	0
41	0.039	0.007	0.006	0.011	0.107	0.010	0.014	0.041	0.013	0.147	0.030	0.010	0.007	0.011	0.011	0.020	0.024	0.046	0.005	0.017	1.9	0.01	0.99	0
42	0.029	0.003	0.024	0.040	0.005	0.024	0.013	0.009	0.093	0.015	0.007	0.033	0.010	0.037	0.132	0.030	0.029	0.013	0.002	0.007	1.9	0.01	0.99	0
43	0.027	0.001	0.016	0.039	0.003	0.015	0.007	0.005	0.028	0.008	0.004	0.020	0.005	0.019	0.018	0.023	0.017	0.008	0.001	0.004	1.9	0.01	0.99	0
44	0.043	0.083	0.006	0.010	0.025	0.011	0.007	0.198	0.012	0.190	0.028	0.009	0.008	0.010	0.011	0.020	0.030	0.166	0.004	0.014	1.9	0.01	0.99	0
45	0.027	0.005	0.011	0.019	0.014	0.010	0.015	0.032	0.021	0.030	0.012	0.014	0.007	0.028	0.015	0.021	0.021	0.040	0.003	0.090	1.9	0.01	0.99	0
46	0.011	0.001	0.009	0.012	0.003	0.004	0.004	0.010	0.025	0.015	0.003	0.007	0.003	0.011	0.009	0.010	0.008	0.007	0.001	0.003	1.9	0.01	0.99	0
47	0.033	0.004	0.005	0.009	0.004	0.006	0.003	0.008	0.012	0.012	0.004	0.008	0.003	0.007	0.006	0.012	0.010	0.012	0.001	0.003	1.9	0.01	0.99	0
48	0.033	0.009	0.006	0.010	0.130	0.011	0.014	0.108	0.012	0.115	0.023	0.011	0.008	0.011	0.012	0.022	0.026	0.050	0.008	0.097	1.9	0.01	0.99	0
49	0.014	0.006	0.004	0.007	0.009	0.004	0.003	0.014	0.010	0.029	0.010	0.005	0.003	0.006	0.021	0.012	0.010	0.018	0.001	0.006	1.9	0.01	0.99	0
50	0.022	0.002	0.029	0.031	0.004	0.010	0.010	0.006	0.051	0.015	0.005	0.033	0.007	0.037	0.023	0.025	0.019	0.009	0.001	0.005	1.9	0.01	0.99	0
51	0.017	0.001	0.016	0.026	0.003	0.011	0.009	0.005	0.038	0.018	0.004	0.018	0.005	0.023	0.019	0.021	0.013	0.007	0.001	0.004	1.9	0.01	0.99	0
52	0.026	0.002	0.041	0.094	0.004	0.019	0.010	0.007	0.050	0.011	0.005	0.022	0.008	0.032	0.024	0.027	0.023	0.010	0.001	0.006	1.9	0.01	0.99	0
53	0.017	0.001	0.017	0.025	0.002	0.007	0.006	0.005	0.023	0.010	0.006	0.014	0.009	0.015	0.012	0.025	0.016	0.006	0.001	0.003	1.9	0.01	0.99	0
54	0.015	0.001	0.010	0.023	0.006	0.006	0.005	0.005	0.017	0.009	0.003	0.014	0.004	0.015	0.010	0.029	0.012	0.012	0.001	0.003	1.9	0.01	0.99	0
55	0.044	0.030	0.012	0.018	0.380	0.018	0.051	0.073	0.022	0.092	0.030	0.023	0.013	0.022	0.021	0.035	0.036	0.063	0.033	0.811	1.9	0.01	0.99	0
56	0.017	0.002	0.011	0.039	0.003	0.008	0.017	0.009	0.020	0.010	0.004	0.012	0.005	0.016	0.014	0.024	0.017	0.014	0.001	0.004	1.9	0.01	0.99	0
57	0.042	0.007	0.028	0.043	0.065	0.020	0.106	0.028	0.053	0.046	0.017	0.055	0.014	0.034	0.049	0.040	0.034	0.035	0.013	0.431	1.9	0.01	0.99	0
58	0.024	0.002	0.018	0.032	0.004	0.011	0.023	0.006	0.053	0.011	0.005	0.028	0.007	0.039	0.022	0.028	0.025	0.013	0.001	0.005	1.9	0.01	0.99	0
59	0.091	0.009	0.018	0.026	0.009	0.043	0.009	0.015	0.026	0.021	0.009	0.022	0.291	0.020	0.019	0.104	0.042	0.041	0.002	0.008	1.9	0.01	0.99	0
60	0.015	0.003	0.004	0.007	0.014	0.005	0.004	0.019	0.016	0.034	0.019	0.005	0.003	0.006	0.011	0.013	0.017	0.021	0.002	0.006	1.9	0.01	0.99	0
61	0.033	0.009	0.005	0.009	0.085	0.009	0.006	0.380	0.010	0.331	0.068	0.008	0.007	0.010	0.010	0.016	0.026	0.114	0.005	0.014	1.9	0.01	0.99	0
62	0.062	0.012	0.028	0.028	0.010	2.265	0.010	0.012	0.021	0.019	0.007	0.024	0.022	0.016	0.019	0.051	0.037	0.022	0.004	0.009	1.9	0.01	0.99	0
63	0.182	0.006	0.013	0.021	0.008	0.018	0.007	0.015	0.021	0.024	0.009	0.016	0.018	0.016	0.015	0.052	0.060	0.026	0.002	0.007	1.9	0.01	0.99	0
64	0.013	0.001	0.010	0.015	0.002	0.007	0.004	0.005	0.018	0.008	0.003	0.009	0.016	0.010	0.009	0.021	0.014	0.006	0.001	0.003	1.9	0.01	0.99	0
65	0.033	0.008	0.005	0.009	0.046	0.010	0.007	0.155	0.011	0.131	0.025	0.009	0.007	0.010	0.010	0.019	0.031	0.085	0.004	0.025	1.9	0.01	0.99	0
66	0.017	0.001	0.025	0.039	0.003	0.008	0.010	0.005	0.028	0.014	0.004	0.014	0.005	0.017	0.014	0.025	0.020	0.009	0.001	0.004	1.9	0.01	0.96	0
67	0.040	0.020	0.005	0.009	0.084	0.010	0.007	0.074	0.011	0.069	0.032	0.009	0.007	0.009	0.010	0.020	0.026	0.113	0.004	0.014	1.9	0.01	0.98	0
68	0.016	0.002	0.012	0.027	0.006	0.007	0.009	0.005	0.024	0.008	0.003	0.018	0.005	0.015	0.016	0.019	0.021	0.007	0.001	0.006	1.9	0.01	0.99	0
69	0.043	0.011	0.013	0.020	0.702	0.017	0.030	0.053	0.025	0.114	0.029	0.021	0.012	0.022	0.064	0.033	0.034	0.059	0.024	0.172	1.9	0.01	0.99	0
70	0.021	0.002	0.055	0.031	0.007	0.010	0.012	0.006	0.031	0.013	0.005	0.025	0.007	0.023	0.017	0.023	0.021	0.009	0.001	0.005	1.9	0.01	0.99	0
71	0.036	0.007	0.019	0.025	0.036	0.014	0.018	0.030	0.028	0.046	0.017	0.018	0.010	0.035	0.021	0.029	0.032	0.037	0.056	0.162	1.9	0.01	0.88	0
72	0.017	0.001	0.023	0.036	0.003	0.012	0.007	0.005	0.026	0.007	0.004	0.015	0.009	0.015	0.013	0.017	0.015	0.009	0.001	0.004	2.5	0.08	0.89	0
73	0.022	0.002	0.021	0.040	0.003	0.010	0.008	0.005	0.049	0.013	0.004	0.022	0.009	0.023	0.019	0.024	0.017	0.008	0.001	0.004	1.9	0.01	0.96	0
74	0.021	0.002	0.021	0.050	0.003	0.023	0.010	0.005	0.035	0.009	0.004	0.019	0.006	0.033	0.023	0.023	0.016	0.008	0.001	0.004	1.9	0.01	0.98	0
75	0.019	0.002	0.014	0.039	0.003	0.008	0.007	0.007	0.029	0.012	0.004	0.021	0.006	0.028	0.019	0.022	0.026	0.009	0.001	0.004	1.9	0.01	0.99	0
76	0.106	0.013	0.008	0.013	0.025	0.013	0.006	0.237	0.014	0.103	0.030	0.011	0.009	0.011	0.012	0.024	0.038	0.670	0.004	0.013	1.9	0.01	0.99	0
77	0.011	0.003	0.007	0.011	0.004	0.005	0.004	0.013	0.010	0.012	0.005	0.006	0.003	0.009	0.012	0.012	0.028	0.012	0.001	0.005	1.9	0.01	0.99	0
78	0.033	0.009	0.005	0.009	0.136	0.010	0.007	0.193	0.011	0.199	0.035	0.008	0.007	0.010	0.011	0.019	0.026	0.096	0.005	0.022	1.9	0.01	0.99	0
79	0.022	0.004	0.016	0.030	0.003	0.008	0.010	0.005	0.028	0.009	0.004	0.015	0.005	0.023	0.017	0.024	0.027	0.008	0.001	0.005	1.9	0.01	0.99	0
80	0.018	0.003	0.009	0.016	0.012	0.007	0.006	0.013	0.022	0.017	0.007	0.010	0.005	0.014	0.063	0.016	0.015	0.019	0.005	0.018	1.9	0.01	0.99	0
81	0.010	0.001	0.008	0.010	0.003	0.005	0.003	0.004	0.011	0.018	0.002	0.010	0.003	0.011	0.006	0.009	0.007	0.005	0.001	0.002	1.9	0.01	0.99	0
82	0.019	0.001	0.025	0.037	0.003	0.020	0.007	0.005	0.032	0.008	0.004	0.015	0.008	0.027	0.018	0.021	0.019	0.007	0.001	0.004	1.9	0.01	0.99	0
83	0.014	0.001	0.010	0.028	0.003	0.007	0.005	0.006	0.020	0.011	0.006	0.010	0.004	0.018	0.011	0.017	0.016	0.008	0.001	0.005	1.4	0.06	0.99	0
84	0.024	0.002	0.024	0.055	0.004	0.011	0.009	0.006	0.041	0.010	0.005	0.020	0.007	0.038	0.020	0.034	0.029	0.009	0.001	0.005	1.9	0.01	0.99	0
85	0.021	0.004	0.004	0.008	0.009	0.006	0.004	0.026	0.012	0.034	0.012	0.006	0.004	0.018	0.007	0.012	0.014	0.042	0.002	0.009	1.9	0.01	0.99	0
86	0.007	0.001	0.007	0.009	0.002	0.003	0.002	0.005	0.009	0.007	0.003	0.005	0.002	0.006	0.006	0.009	0.009	0.009	0.000	0.002	1.9	0.01	0.99	0
87	0.033	0.009	0.005	0.009	0.097	0.010	0.008	0.100	0.011	0.359	0.039	0.009	0.008	0.011	0.011	0.020	0.027	0.073	0.026	0.020	1.9	0.01	0.99	0
88	0.018	0.002	0.011	0.024	0.003	0.007	0.006	0.007	0.021	0.010	0.004	0.011	0.011	0.014	0.013	0.043	0.022	0.008	0.001	0.004	1.9	0.01	0.99	0
89	0.011	0.002	0.004	0.013	0.012	0.004	0.003	0.013	0.010	0.020	0.012	0.005	0.003	0.005	0.009	0.008	0.010	0.013	0.001	0.004	1.9	0.01	0.99	0
90	0.020	0.001	0.022	0.029	0.003	0.008	0.006	0.006	0.026	0.007	0.004	0.015	0.013	0.015	0.013	0.034	0.017	0.007	0.001	0.004	1.9	0.01	0.99	0
91	0.021	0.002	0.034	0.033	0.003	0.008	0.008	0.006	0.024	0.013	0.004	0.020	0.006	0.030	0.015	0.022	0.015	0.010	0.001	0.005	1.9	0.01	0.99	0
92	0.034	0.010	0.010	0.013	1.056	0.015	0.038	0.060	0.016	0.214	0.035	0.019	0.011	0.018	0.017	0.027	0.027	0.059	0.088	0.187	1.9	0.01	0.99	0
93	0.011	0.002	0.004	0.006	0.010	0.004	0.003	0.015	0.010	0.030	0.007	0.005	0.003	0.012	0.009	0.008	0.010	0.017	0.001	0.004	1.9	0.01	0.99	0
94	0.011	0.002	0.009	0.013	0.004	0.004	0.005	0.011	0.013	0.008	0.003	0.007	0.003	0.012	0.016	0.011	0.008	0.006	0.001	0.003	1.9	0.01	0.99	0
95	0.030	0.009	0.008	0.011	0.486	0.013	0.031	0.043	0.013	0.291	0.024	0.016	0.010	0.015	0.014	0.024	0.025	0.047	0.100	0.289	1.9	0.01	0.99	0
96	0.062	0.009	0.006	0.011	0.042	0.010	0.007	0.111	0.012	0.349	0.155	0.009	0.008	0.011	0.012	0.020	0.028	0.081	0.005	0.015	1.9	0.01	0.99	0
97	0.044	0.002	0.016	0.020	0.003	0.051	0.005	0.006	0.017	0.009	0.004	0.012	0.005	0.013	0.011	0.032	0.014	0.012	0.001	0.004	1.9	0.01	0.99	0
98	0.012	0.004	0.003	0.007	0.007	0.006	0.003	0.016	0.015	0.031	0.006	0.005	0.003	0.005	0.005	0.011	0.009	0.016	0.001	0.013	1.9	0.01	0.99	0
99	0.064	0.012	0.007	0.012	0.023	0.011	0.007	0.333	0.013	0.102	0.027	0.010	0.008	0.010	0.011	0.021	0.074	0.291	0.004	0.013	1.9	0.01	0.99	0
100	0.048	0.006	1.858	0.115	0.010	0.049	0.021	0.012	0.044	0.020	0.007	0.065	0.024	0.043	0.025	0.052	0.033	0.019	0.004	0.012	1.9	0.01	0.99	0
101	0.019	0.002	0.004	0.007	0.004	0.004	0.003	0.008	0.013	0.028	0.004	0.005	0.003	0.006	0.006	0.012	0.009	0.014	0.001	0.003	1.9	0.01	0.99	0
102	0.044	0.030	0.005	0.009	0.020	0.010	0.007	0.081	0.011	0.086	0.020	0.009	0.007	0.009	0.010	0.020	0.026	0.138	0.004	0.021	1.9	0.01	0.99	0
103	0.030	0.010	0.009	0.012	0.501	0.014	0.038	0.048	0.015	0.255	0.027	0.019	0.010	0.017	0.016	0.026	0.024	0.050	0.034	0.665	1.9	0.01	0.99	0
104	0.126	0.008	0.015	0.022	0.007	0.081	0.008	0.012	0.022	0.016	0.007	0.020	0.014	0.017	0.016	0.250	0.089	0.021	0.002	0.006	1.9	0.01	0.99	0
105	0.020	0.002	0.025	0.053	0.003	0.010	0.008	0.005	0.041	0.009	0.004	0.017	0.027	0.019	0.023	0.023	0.016	0.009	0.001	0.004	1.9	0.01	0.99	0
106	0.048	0.014	0.006	0.010	0.029	0.010	0.005	0.751	0.011	0.156	0.038	0.008	0.008	0.008	0.009	0.017	0.037	0.445	0.004	0.012	1.9	0.01	0.99	0
107	0.034	0.008	0.009	0.015	0.071	0.013	0.026	0.047	0.019	0.306	0.024	0.015	0.009	0.016	0.017	0.025	0.027	0.048	0.013	0.247	1.9	0.01	0.99	0
108	0.060	0.012	0.030	0.031	0.013	0.048	0.012	0.016	0.027	0.026	0.009	0.025	2.607	0.019	0.024	0.049	0.036	0.025	0.005	0.011	1.9	0.01	0.99	0
109	0.032	0.009	0.005	0.008	0.038	0.008	0.005	0.257	0.009	0.580	0.049	0.007	0.007	0.009	0.009	0.014	0.025	0.184	0.004	0.012	1.9	0.01	0.99	0
110	0.062	0.012	0.028	0.028	0.010	2.265	0.010	0.012	0.021	0.019	0.007	0.024	0.022	0.016	0.019	0.051	0.037	0.022	0.004	0.009	1.9	0.01	0.99	0
111	0.082	0.012	0.020	0.027	0.009	0.040	0.010	0.017	0.027	0.022	0.010	0.025	0.018	0.020	0.020	0.338	0.331	0.030	0.002	0.008	1.9	0.01	0.99	0
112	0.045	0.013	0.006	0.011	0.026	0.010	0.006	0.283	0.012	0.166	0.032	0.009	0.008	0.009	0.010	0.019	0.058	0.569	0.004	0.013	1.9	0.01	0.99	0
113	0.054	0.013	0.006	0.010	0.028	0.010	0.005	0.305	0.011	0.183	0.035	0.009	0.008	0.009	0.010	0.018	0.035	0.686	0.004	0.012	1.9	0.01	0.99	0
114	0.033	0.003	0.035	0.203	0.006	0.018	0.013	0.010	0.054	0.016	0.007	0.029	0.011	0.048	0.030	0.034	0.026	0.025	0.002	0.008	1.9	0.01	0.99	0
115	0.031	0.009	0.005	0.008	0.043	0.008	0.005	0.233	0.009	0.686	0.055	0.007	0.007	0.010	0.009	0.014	0.025	0.158	0.005	0.013	1.9	0.01	0.99	0
116	0.047	0.003	0.653	0.123	0.007	0.039	0.021	0.010	0.065	0.017	0.007	0.134	0.020	0.049	0.028	0.062	0.034	0.016	0.002	0.010	1.9	0.01	0.99	0
117	0.015	0.001	0.011	0.029	0.003	0.010	0.006	0.006	0.031	0.014	0.004	0.011	0.005	0.015	0.023	0.017	0.016	0.008	0.001	0.003	1.9	0.01	0.99	0
118	0.026	0.002	0.047	0.107	0.004	0.016	0.010	0.007	0.036	0.012	0.005	0.025	0.009	0.025	0.040	0.034	0.024	0.011	0.001	0.006	1.9	0.01	0.99	0
119	0.017	0.003	0.006	0.011	0.010	0.006	0.005	0.015	0.024	0.057	0.028	0.008	0.004	0.013	0.012	0.013	0.014	0.019	0.002	0.006	1.9	0.01	0.99	0
120	0.034	0.009	0.006	0.011	0.080	0.010	0.007	0.089	0.012	0.489	0.093	0.009	0.008	0.012	0.012	0.019	0.050	0.074	0.006	0.016	1.9	0.01	0.99	0
121	0.038	0.003	0.028	0.035	0.006	0.015	0.010	0.010	0.032	0.015	0.007	0.028	0.130	0.022	0.019	0.039	0.036	0.015	0.002	0.006	1.9	0.01	0.99	0
122	0.024	0.002	0.028	0.048	0.003	0.010	0.008	0.005	0.035	0.009	0.004	0.017	0.021	0.025	0.016	0.023	0.017	0.008	0.001	0.004	1.9	0.01	0.99	0
123	0.024	0.002	0.027	0.053	0.003	0.011	0.009	0.005	0.027	0.009	0.004	0.015	0.006	0.024	0.016	0.023	0.015	0.016	0.001	0.005	1.9	0.01	0.98	0
124	0.038	0.007	0.006	0.009	0.022	0.009	0.007	0.081	0.011	0.145	0.020	0.008	0.007	0.009	0.010	0.018	0.024	0.064	0.010	0.013	1.9	0.01	0.99	0
125	0.017	0.002	0.010	0.017	0.003	0.006	0.006	0.006	0.030	0.012	0.004	0.010	0.004	0.022	0.018	0.014	0.014	0.024	0.001	0.004	1.9	0.01	0.99	0
126	0.029	0.002	0.016	0.059	0.003	0.012	0.008	0.006	0.035	0.010	0.005	0.021	0.006	0.020	0.018	0.028	0.020	0.011	0.001	0.005	1.9	0.01	0.99	0
127	0.013	0.001	0.009	0.013	0.003	0.005	0.004	0.009	0.011	0.012	0.014	0.007	0.005	0.012	0.007	0.018	0.009	0.008	0.001	0.004	1.9	0.01	0.99	0
128	0.038	0.010	0.006	0.011	0.286	0.011	0.009	0.098	0.013	0.212	0.072	0.010	0.009	0.013	0.013	0.022	0.030	0.080	0.007	0.032	1.9	0.01	0.99	0
129	0.022	0.001	0.014	0.037	0.003	0.009	0.006	0.007	0.031	0.010	0.004	0.013	0.006	0.015	0.013	0.026	0.016	0.007	0.001	0.004	1.9	0.05	0.99	0
130	0.018	0.002	0.017	0.028	0.003	0.008	0.007	0.006	0.028	0.008	0.004	0.021	0.005	0.017	0.018	0.025	0.017	0.008	0.001	0.005	1.9	0.01	0.71	0
131	0.026	0.002	0.025	0.054	0.003	0.015	0.013	0.006	0.027	0.009	0.004	0.017	0.006	0.018	0.016	0.032	0.015	0.008	0.001	0.004	1.9	0.01	0.90	0
132	0.020	0.002	0.024	0.047	0.003	0.028	0.007	0.005	0.030	0.009	0.004	0.023	0.006	0.027	0.017	0.020	0.021	0.008	0.001	0.004	1.9	0.01	0.95	0
133	0.009	0.001	0.005	0.009	0.003	0.003	0.003	0.011	0.009	0.013	0.011	0.004	0.009	0.005	0.005	0.007	0.007	0.011	0.001	0.003	1.9	0.01	0.98	0
134	0.018	0.001	0.028	0.025	0.003	0.035	0.006	0.004	0.018	0.009	0.003	0.012	0.018	0.013	0.011	0.017	0.011	0.006	0.001	0.003	1.9	0.01	0.98	0
135	0.025	0.003	0.004	0.015	0.029	0.005	0.004	0.019	0.008	0.024	0.007	0.006	0.006	0.006	0.006	0.010	0.011	0.018	0.002	0.005	1.9	0.01	0.99	0
136	0.015	0.003	0.004	0.007	0.014	0.005	0.005	0.016	0.016	0.041	0.011	0.008	0.003	0.006	0.008	0.010	0.012	0.018	0.002	0.018	1.9	0.01	0.99	0
137	0.114	0.012	0.009	0.014	0.023	0.015	0.007	0.139	0.016	0.111	0.026	0.012	0.009	0.012	0.013	0.027	0.036	0.528	0.004	0.012	1.9	0.01	0.99	0
138	0.023	0.005	0.005	0.009	0.013	0.008	0.006	0.040	0.010	0.046	0.036	0.008	0.005	0.014	0.009	0.023	0.032	0.059	0.003	0.010	1.9	0.01	0.99	0
139	0.038	0.011	0.005	0.009	0.034	0.009	0.005	0.572	0.010	0.311	0.043	0.007	0.007	0.009	0.009	0.015	0.030	0.245	0.004	0.012	1.9	0.01	0.99	0
140	0.016	0.002	0.007	0.013	0.006	0.006	0.008	0.012	0.014	0.016	0.012	0.008	0.004	0.012	0.009	0.024	0.042	0.017	0.001	0.005	1.9	0.01	0.99	0
141	0.176	0.015	0.028	0.030	0.009	0.877	0.010	0.016	0.024	0.021	0.009	0.030	0.023	0.019	0.019	0.084	0.059	0.032	0.003	0.008	1.9	0.01	0.99	0
142	0.041	0.005	0.026	0.053	0.009	0.024	0.027	0.017	0.168	0.031	0.013	0.038	0.017	0.122	0.740	0.041	0.035	0.023	0.004	0.013	1.9	0.01	0.99	0
143	0.036	0.005	0.020	0.048	0.007	0.021	0.027	0.014	0.519	0.028	0.011	0.035	0.016	0.064	0.397	0.037	0.033	0.019	0.004	0.012	1.9	0.01	0.99	0
144	0.045	0.007	0.005	0.009	0.020	0.008	0.006	0.049	0.010	0.084	0.023	0.008	0.006	0.014	0.009	0.017	0.021	0.102	0.003	0.011	1.9	0.01	0.99	0
145	0.009	0.002	0.006	0.008	0.002	0.003	0.002	0.005	0.008	0.010	0.002	0.005	0.014	0.006	0.005	0.008	0.007	0.007	0.001	0.002	1.9	0.01	0.99	0
146	0.028	0.007	0.005	0.009	0.018	0.009	0.006	0.072	0.011	0.133	0.021	0.008	0.006	0.009	0.010	0.032	0.027	0.091	0.003	0.011	1.9	0.01	0.96	0
147	0.025	0.001	0.015	0.029	0.003	0.010	0.008	0.005	0.024	0.008	0.006	0.016	0.008	0.024	0.018	0.021	0.013	0.007	0.001	0.004	1.9	0.01	0.84	0
148	0.017	0.001	0.019	0.031	0.003	0.013	0.006	0.004	0.025	0.008	0.003	0.014	0.011	0.014	0.012	0.018	0.012	0.007	0.001	0.003	1.2	0.49	0.77	0
149	0.012	0.001	0.014	0.020	0.018	0.005	0.004	0.008	0.013	0.008	0.003	0.011	0.003	0.010	0.008	0.011	0.011	0.007	0.001	0.006	1.9	0.01	0.93	0
150	0.026	0.002	0.039	0.032	0.003	0.016	0.009	0.005	0.027	0.009	0.004	0.030	0.006	0.022	0.017	0.025	0.019	0.008	0.001	0.004	1.9	0.01	0.97	0
151	0.019	0.001	0.025	0.027	0.003	0.016	0.011	0.005	0.032	0.008	0.004	0.024	0.008	0.024	0.022	0.019	0.017	0.007	0.001	0.004	1.9	0.01	0.98	0
152	0.020	0.002	0.008	0.020	0.009	0.006	0.008	0.009	0.016	0.012	0.007	0.013	0.004	0.011	0.010	0.017	0.012	0.011	0.001	0.029	1.9	0.01	0.99	0
153	0.032	0.008	0.006	0.013	0.025	0.010	0.008	0.057	0.012	0.078	0.025	0.010	0.007	0.010	0.011	0.021	0.026	0.087	0.004	0.092	1.9	0.01	0.99	0
154	0.057	0.011	0.006	0.010	0.041	0.011	0.007	0.241	0.012	0.132	0.043	0.009	0.008	0.010	0.011	0.020	0.032	0.314	0.004	0.014	1.9	0.01	0.99	0
155	0.048	0.006	1.858	0.115	0.010	0.049	0.021	0.012	0.044	0.020	0.007	0.065	0.024	0.043	0.025	0.052	0.033	0.019	0.004	0.012	1.9	0.01	0.99	0
156	0.037	0.011	0.022	0.024	0.212	0.028	0.047	0.040	0.028	0.083	0.022	0.028	0.017	0.025	0.027	0.036	0.028	0.044	0.041	2.264	1.9	0.01	0.99	0
157	0.023	0.005	0.004	0.007	0.019	0.007	0.005	0.044	0.009	0.065	0.013	0.006	0.005	0.014	0.008	0.014	0.025	0.041	0.003	0.017	1.9	0.01	0.99	0
158	0.224	0.009	0.013	0.019	0.007	0.193	0.007	0.014	0.019	0.018	0.008	0.018	0.013	0.015	0.014	0.049	0.072	0.035	0.002	0.006	1.9	0.01	0.99	0
159	0.014	0.002	0.010	0.017	0.003	0.006	0.010	0.007	0.017	0.010	0.004	0.010	0.004	0.018	0.022	0.020	0.018	0.011	0.001	0.017	1.9	0.01	0.99	0
160	0.028	0.007	0.004	0.008	0.038	0.017	0.006	0.075	0.010	0.107	0.018	0.008	0.006	0.008	0.009	0.017	0.024	0.082	0.004	0.012	1.9	0.01	0.99	0
161	0.049	0.031	0.016	0.023	0.249	0.023	0.054	0.059	0.029	0.109	0.033	0.030	0.016	0.028	0.028	0.043	0.039	0.067	1.130	0.507	1.9	0.01	0.99	0
162	0.060	0.012	0.030	0.031	0.013	0.048	0.012	0.016	0.027	0.026	0.009	0.025	2.607	0.019	0.024	0.049	0.036	0.025	0.005	0.011	1.9	0.01	0.99	0
163	0.025	0.006	0.005	0.009	0.054	0.008	0.006	0.043	0.017	0.059	0.014	0.012	0.006	0.009	0.009	0.016	0.019	0.034	0.004	0.040	1.9	0.01	0.99	0
164	0.062	0.012	0.028	0.028	0.010	2.265	0.010	0.012	0.021	0.019	0.007	0.024	0.022	0.016	0.019	0.051	0.037	0.022	0.004	0.009	1.9	0.01	0.99	0
165	0.009	0.001	0.004	0.015	0.004	0.005	0.003	0.007	0.007	0.018	0.008	0.004	0.002	0.008	0.005	0.007	0.007	0.008	0.001	0.003	1.9	0.01	0.99	0
166	0.010	0.002	0.006	0.007	0.007	0.004	0.003	0.012	0.007	0.021	0.009	0.005	0.002	0.010	0.013	0.008	0.008	0.013	0.001	0.004	1.9	0.01	0.99	0
167	0.015	0.001	0.006	0.010	0.008	0.004	0.003	0.006	0.009	0.010	0.003	0.006	0.020	0.007	0.006	0.010	0.007	0.007	0.001	0.003	1.9	0.01	0.99	0
168	0.019	0.001	0.026	0.032	0.002	0.012	0.006	0.004	0.021	0.010	0.003	0.020	0.009	0.014	0.012	0.016	0.012	0.010	0.001	0.003	1.9	0.01	0.99	0
169	0.017	0.003	0.005	0.009	0.011	0.006	0.004	0.020	0.009	0.023	0.011	0.009	0.004	0.013	0.007	0.015	0.031	0.040	0.002	0.006	1.9	0.01	0.99	0
170	0.020	0.001	0.019	0.040	0.003	0.008	0.007	0.005	0.022	0.009	0.004	0.014	0.014	0.021	0.016	0.021	0.018	0.010	0.001	0.004	1.9	0.01	0.99	0
171	0.122	0.011	0.022	0.030	0.011	0.036	0.011	0.022	0.031	0.035	0.012	0.026	0.436	0.022	0.023	0.063	0.074	0.035	0.003	0.009	1.9	0.01	0.99	0
172	0.032	0.009	0.005	0.008	0.054	0.009	0.006	0.242	0.010	0.347	0.108	0.007	0.007	0.010	0.010	0.016	0.026	0.138	0.005	0.014	1.9	0.01	0.99	0
173	0.029	0.005	0.004	0.008	0.042	0.009	0.005	0.026	0.009	0.046	0.018	0.007	0.005	0.008	0.008	0.017	0.030	0.037	0.003	0.026	1.9	0.01	0.99	0
174	0.040	0.012	0.005	0.009	0.048	0.009	0.006	0.411	0.010	0.191	0.043	0.008	0.007	0.009	0.010	0.018	0.031	0.354	0.004	0.013	1.9	0.01	0.99	0
175	0.026	0.003	0.019	0.030	0.005	0.013	0.014	0.008	0.029	0.013	0.006	0.032	0.019	0.020	0.018	0.110	0.027	0.013	0.001	0.006	1.9	0.01	0.99	0
176	0.037	0.003	0.058	0.064	0.006	0.020	0.018	0.010	0.058	0.017	0.008	0.199	0.016	0.035	0.029	0.060	0.031	0.016	0.002	0.008	1.9	0.01	0.99	0
177	0.027	0.006	0.013	0.012	0.018	0.009	0.007	0.032	0.013	0.060	0.067	0.011	0.006	0.011	0.011	0.019	0.027	0.042	0.003	0.026	1.9	0.01	0.99	0
178	0.037	0.010	0.006	0.011	0.156	0.010	0.009	0.119	0.013	0.448	0.501	0.010	0.009	0.014	0.013	0.020	0.030	0.094	0.008	0.024	1.9	0.01	0.99	0
179	0.050	0.014	0.007	0.011	0.032	0.011	0.005	0.897	0.012	0.158	0.041	0.009	0.009	0.009	0.010	0.020	0.038	0.341	0.004	0.013	1.9	0.01	0.99	0
180	0.029	0.002	0.024	0.054	0.004	0.019	0.010	0.007	0.090	0.012	0.005	0.021	0.008	0.024	0.024	0.038	0.020	0.011	0.001	0.006	1.9	0.01	0.99	0
181	0.029	0.003	0.021	0.038	0.005	0.013	0.014	0.008	0.072	0.014	0.007	0.036	0.009	0.037	0.113	0.044	0.026	0.012	0.002	0.007	1.9	0.01	0.99	0
182	0.048	0.014	0.007	0.011	0.030	0.010	0.005	0.292	0.012	0.169	0.038	0.009	0.008	0.009	0.010	0.019	0.037	0.854	0.004	0.013	1.9	0.01	0.99	0
183	0.022	0.005	0.011	0.010	0.012	0.007	0.008	0.057	0.011	0.041	0.012	0.008	0.005	0.009	0.013	0.015	0.017	0.069	0.003	0.009	1.9	0.01	0.99	0
184	0.027	0.002	0.009	0.016	0.011	0.006	0.013	0.007	0.016	0.010	0.004	0.010	0.004	0.021	0.010	0.030	0.011	0.009	0.001	0.004	1.9	0.01	0.99	0
185	0.017	0.001	0.012	0.042	0.003	0.007	0.006	0.005	0.024	0.016	0.009	0.012	0.008	0.018	0.022	0.016	0.013	0.008	0.001	0.004	1.9	0.01	0.99	0
186	0.102	0.015	0.035	0.036	0.010	0.986	0.011	0.015	0.027	0.021	0.009	0.033	0.024	0.022	0.021	0.118	0.059	0.031	0.003	0.009	1.9	0.01	0.99	0
187	0.031	0.007	0.008	0.013	0.024	0.010	0.012	0.033	0.015	0.074	0.028	0.011	0.023	0.012	0.013	0.021	0.024	0.040	0.014	0.111	1.9	0.01	0.99	0
188	0.023	0.002	0.015	0.042	0.004	0.009	0.008	0.007	0.026	0.010	0.005	0.015	0.006	0.025	0.018	0.037	0.044	0.011	0.001	0.005	1.3	0.10	0.99	0
189	0.037	0.003	0.204	0.077	0.006	0.024	0.042	0.009	0.046	0.015	0.007	0.173	0.014	0.037	0.026	0.055	0.028	0.014	0.002	0.008	1.9	0.01	0.99	0
190	0.026	0.002	0.029	0.049	0.003	0.008	0.007	0.005	0.024	0.009	0.005	0.015	0.012	0.017	0.016	0.020	0.021	0.010	0.001	0.004	1.9	0.01	0.99	0
191	0.017	0.004	0.004	0.009	0.017	0.006	0.004	0.025	0.012	0.038	0.009	0.006	0.004	0.008	0.010	0.012	0.016	0.026	0.014	0.017	1.9	0.01	0.99	0
192	0.054	0.003	0.185	0.261	0.005	0.025	0.016	0.008	0.044	0.014	0.006	0.043	0.014	0.055	0.025	0.040	0.027	0.013	0.002	0.008	1.9	0.01	0.99	0
193	0.026	0.002	0.034	0.070	0.004	0.012	0.009	0.006	0.056	0.011	0.005	0.021	0.008	0.029	0.023	0.035	0.020	0.010	0.001	0.005	1.9	0.01	0.99	0
194	0.022	0.002	0.015	0.031	0.003	0.013	0.015	0.006	0.034	0.009	0.004	0.016	0.006	0.037	0.021	0.031	0.024	0.010	0.001	0.005	1.9	0.01	0.99	0
195	0.042	0.011	0.011	0.017	0.353	0.016	0.066	0.074	0.020	0.078	0.049	0.018	0.011	0.019	0.018	0.031	0.034	0.059	0.020	0.315	1.9	0.01	0.98	0
196	0.027	0.014	0.005	0.010	0.008	0.006	0.004	0.020	0.009	0.021	0.010	0.006	0.004	0.007	0.007	0.031	0.019	0.037	0.002	0.006	1.9	0.01	0.99	0
197	0.014	0.001	0.017	0.030	0.008	0.008	0.005	0.004	0.022	0.013	0.006	0.011	0.004	0.019	0.011	0.015	0.011	0.006	0.001	0.004	1.9	0.01	0.99	0
198	0.023	0.002	0.030	0.052	0.003	0.016	0.009	0.006	0.039	0.009	0.005	0.029	0.007	0.029	0.019	0.022	0.022	0.009	0.001	0.005	1.9	0.01	0.99	0
199	0.015	0.002	0.005	0.012	0.008	0.004	0.003	0.015	0.009	0.014	0.005	0.006	0.003	0.011	0.006	0.009	0.012	0.029	0.001	0.004	1.9	0.01	0.85	0
200	0.028	0.007	0.006	0.011	0.024	0.009	0.007	0.049	0.022	0.187	0.020	0.009	0.007	0.011	0.011	0.019	0.023	0.042	0.004	0.032	1.9	0.01	0.94	0
201	0.036	0.004	0.021	0.047	0.007	0.019	0.044	0.014	0.186	0.048	0.011	0.032	0.014	0.052	0.407	0.037	0.031	0.020	0.003	0.011	1.9	0.01	0.97	0
202	0.033	0.002	0.015	0.032	0.003	0.010	0.008	0.005	0.038	0.009	0.005	0.019	0.006	0.027	0.033	0.025	0.019	0.008	0.001	0.004	1.9	0.01	0.98	0
203	0.019	0.001	0.020	0.024	0.004	0.007	0.006	0.008	0.022	0.008	0.009	0.016	0.005	0.020	0.013	0.020	0.027	0.007	0.001	0.004	1.9	0.01	0.99	0
204	0.023	0.004	0.010	0.017	0.016	0.009	0.008	0.022	0.020	0.067	0.011	0.012	0.006	0.071	0.015	0.018	0.018	0.024	0.003	0.056	1.9	0.01	0.99	0
205	0.039	0.008	0.005	0.009	0.072	0.010	0.007	0.074	0.011	0.256	0.043	0.009	0.007	0.010	0.011	0.019	0.026	0.089	0.005	0.019	1.9	0.01	0.99	0
206	0.028	0.001	0.014	0.021	0.003	0.007	0.007	0.005	0.028	0.010	0.004	0.014	0.005	0.021	0.015	0.021	0.012	0.010	0.001	0.006	1.9	0.01	0.99	0
207	0.025	0.002	0.021	0.037	0.003	0.010	0.011	0.005	0.042	0.012	0.004	0.027	0.006	0.021	0.018	0.022	0.019	0.008	0.001	0.004	1.9	0.01	0.99	0
208	0.021	0.001	0.021	0.031	0.003	0.023	0.011	0.005	0.034	0.008	0.004	0.016	0.006	0.024	0.021	0.021	0.014	0.007	0.001	0.004	1.9	0.01	0.99	0
209	0.010	0.002	0.005	0.009	0.003	0.004	0.005	0.014	0.013	0.014	0.004	0.006	0.003	0.017	0.011	0.009	0.008	0.011	0.001	0.003	1.9	0.01	0.99	0
210	0.010	0.002	0.006	0.005	0.010	0.003	0.003	0.015	0.006	0.023	0.005	0.006	0.004	0.005	0.004	0.009	0.008	0.017	0.001	0.007	1.9	0.01	0.99	0
211	0.074	0.011	0.022	0.030	0.015	0.035	0.011	0.058	0.031	0.035	0.013	0.026	0.017	0.022	0.024	0.564	0.046	0.042	0.003	0.012	1.9	0.01	0.99	0
212	0.014	0.005	0.005	0.010	0.008	0.006	0.006	0.014	0.009	0.020	0.009	0.006	0.003	0.007	0.007	0.020	0.036	0.017	0.002	0.010	1.9	0.01	0.99	0
213	0.047	0.004	0.004	0.007	0.013	0.006	0.004	0.024	0.008	0.033	0.013	0.006	0.004	0.007	0.007	0.017	0.025	0.030	0.002	0.009	1.9	0.01	0.99	0
214	0.037	0.009	0.061	0.023	0.565	0.017	0.078	0.039	0.025	0.069	0.022	0.024	0.012	0.023	0.022	0.033	0.030	0.045	0.030	0.505	1.9	0.01	0.99	0
215	0.019	0.002	0.010	0.016	0.005	0.007	0.009	0.009	0.017	0.019	0.033	0.011	0.007	0.014	0.010	0.018	0.014	0.015	0.001	0.005	1.9	0.01	0.99	0
216	0.014	0.001	0.009	0.019	0.002	0.005	0.004	0.006	0.017	0.008	0.003	0.012	0.010	0.011	0.014	0.013	0.016	0.007	0.001	0.003	1.9	0.01	0.95	0
217	0.011	0.001	0.010	0.020	0.002	0.007	0.004	0.004	0.018	0.012	0.006	0.008	0.004	0.011	0.010	0.016	0.010	0.006	0.001	0.005	1.9	0.01	0.97	0
218	0.018	0.001	0.020	0.033	0.003	0.014	0.007	0.005	0.024	0.008	0.003	0.014	0.005	0.020	0.013	0.018	0.014	0.010	0.001	0.003	1.9	0.01	0.98	0
219	0.011	0.001	0.012	0.017	0.002	0.005	0.004	0.006	0.013	0.007	0.005	0.006	0.003	0.008	0.007	0.009	0.007	0.010	0.001	0.002	1.9	0.01	0.99	0
220	0.018	0.001	0.010	0.018	0.004	0.008	0.004	0.004	0.015	0.009	0.003	0.012	0.003	0.012	0.009	0.011	0.009	0.006	0.001	0.004	1.9	0.01	0.99	0
221	0.007	0.001	0.003	0.009	0.002	0.003	0.002	0.004	0.006	0.009	0.003	0.003	0.001	0.004	0.005	0.005	0.004	0.006	0.001	0.002	1.9	0.01	0.98	0
222	0.026	0.001	0.028	0.028	0.003	0.008	0.006	0.005	0.025	0.010	0.004	0.015	0.005	0.015	0.017	0.022	0.013	0.009	0.001	0.004	1.9	0.01	0.93	0
223	0.010	0.001	0.007	0.011	0.007	0.004	0.003	0.006	0.009	0.011	0.004	0.006	0.003	0.009	0.006	0.009	0.008	0.008	0.001	0.014	1.9	0.01	0.84	0
224	0.005	0.001	0.003	0.006	0.003	0.002	0.002	0.004	0.005	0.008	0.002	0.003	0.001	0.003	0.003	0.005	0.004	0.006	0.000	0.005	1.9	0.01	0.85	0
225	0.026	0.002	0.014	0.034	0.003	0.009	0.007	0.006	0.034	0.009	0.004	0.018	0.006	0.018	0.015	0.019	0.017	0.009	0.001	0.004	1.9	0.01	0.85	0
226	0.017	0.001	0.008	0.017	0.004	0.005	0.005	0.005	0.017	0.007	0.003	0.008	0.005	0.012	0.009	0.012	0.012	0.006	0.001	0.004	0	0.00	0.88	0
